fx: 470
fy: 490
cx: 320
cy: 240
kx1: 0.0000055
kx2: 0.0009765625
ky1: 0.0000020
ky2: 0.0
theta_calib: 0.00
szx: 0.4
szy: 0.4
szLED: 0.08
thsz: 1
thd: 400
nx: 640
ny: 480
objQuad: [0.22,0.0,0.0, 0.0,0.22,0.0, 0.08,0.08,0.00, 0.0,0.0 ,0.25, 0.04,0.04,0.4]
dt_min: 0.1

